0.900341006081089
0.969308298866411
0.391306958811561
0.313585104867255
0.553313579937445
0.792048062497391
0.798314083080210
0.863258540559901
0.797962204447309
0.00637641023078572
0.919901363134868
0.0179622413055945
0.0294164798770650
0.711451916368299
0.538414186540141
0.524588580518976
0.502239930416174
0.0656724982252748
0.230040623758099
0.117040319812544
0.989771061420198
0.0705164910828937
0.0600236559152354
0.661577101529130
0.344057769477769
0.128513348233833
0.637135663847885
0.746488169954789
0.805267297635433
0.269027131586068
0.433979778983359
0.401806487264136
0.608142339434952
0.770087452045645
0.941123967428511
0.131464787784357
0.255722726526904
0.378310807716707
0.993735695560811
0.340951244051040
0.899552101502665
0.237481612102080
0.220001082833657
0.991076399886198
0.951105052081144
0.638216769384198
0.504130841148177
0.358118346208246
0.768452113958302
0.784362887821808
0.0289180925420336
0.0524412345274602
0.323418983975215
0.799686624804644
0.630229767256509
0.982797647953506
0.158249736798077
0.616676231899861
0.308717217656907
0.0850785064114937
0.876829557243819
0.590701438503017
0.303123137416162
0.168070102311015
0.339876753088708
0.0674461137917849
0.653489854830751
0.244285574183342
0.757918233246777
0.299014203915666
0.418815094624534
0.0558321937549995
0.0308563198786532
0.186580384046202
0.270905649220341
0.0662432918006509
0.333493692462697
0.0499055727055313
0.101308500836591
0.0718697755970464
0.904513016878465
0.311797811962142
0.591768922699387
0.377625134145656
0.951563836368381
0.742395178298399
0.887093362945226
0.598896155566852
0.689629863433133
0.391116504445376
0.223273683828833
0.131260028898856
0.689913296005461
0.800000000000000
0.900000000000000
1.20000000000000
1.70000000000000
2.10000000000000
1.38615581839120
3.02860305661730
1.44085169634353
2.22642671440571
3.55488501950156
3.36065543170295
2.90000000000000
2.20000000000000
2
1.80000000000000
1.70000000000000
1.40000000000000
1.10000000000000
0.850000000000000
0.670000000000000
0.450000000000000
0.501904841268809
0.255212280298396
0.509871647061478
0.0786198523470859
0.0558992718740010
0.634987866627396
0.616903377733328
0.0814734662398937
0.609520695044004
0.544670640165517
0.855921636947752
0.642689549026361
0.271632826064597
0.106750661663727
0.0605134250619745
0.621883006319941
0.699070049717114
0.274940030094985
0.421969292814989
0.365822700833342
0.0821587214201359
0.0697697882311092
0.120889619303585
0.677852996893229
0.218936238263835
0.237279935547211
0.00863462136557691
0.727111239870687
0.561034186465586
0.551972608340840
0.742253575774765
0.824633236038294
0.393394708353574
0.135943650190657
0.195743209655017
0.720299189967333
0.669634926413627
0.0598496163161879
0.384276759913808
0.491235941590901
0.774161726265183
0.147811155363740
0.485533906400950
0.0718349083095330
0.787443605814668
0.393732114592501
0.236161400683381
0.0805676568832787
0.0790047607252170
0.927428647748805
0.204715342861412
0.956580583362327
0.339742016416888
0.959966482630091
0.343146068525392
0.0634228372595661
0.612473253316260
0.555613386929755
0.906450019303969
0.201225333897885
0.787693546613555
0.347719087049813
0.972150840935148
0.836052426658696
0.711805508140425
0.214899515126572
0.0154476582463164
0.210043700170322
0.536468405966757
0.108458077330826
0.853761688524587
0.910851126324184
0.333725254456890
0.469143233173400
0.00289686184822668
0.310908261503356
0.485222225839798
0.262165409852364
0.683111846074330
0.911185720328523
0.570501622281140
0.265278004496186
0.928471808831839